comparacoesAVL	tamanhoAVL	comparacoesABB	tamanhoABB
13	9972	15	9972
13	5197	22	5197
11	269	16	269
13	4662	12	4662
14	2965	20	2965
12	3203	20	3203
13	6569	21	6569
14	2798	18	2798
13	2094	13	2094
13	5966	21	5966
9	817	14	817
14	7099	13	7099
14	5720	13	5720
14	8291	16	8291
9	152	9	152
11	691	15	691
13	7654	18	7654
13	7091	22	7091
13	3909	16	3909
12	8936	18	8936
13	8526	17	8526
13	8153	21	8153
13	8322	16	8322
14	7044	15	7044
13	3051	15	3051
11	3638	16	3638
13	5301	20	5301
12	7592	14	7592
11	5916	13	5916
11	1382	13	1382
13	9559	17	9559
13	5887	17	5887
12	6578	14	6578
14	9828	23	9828
13	6901	17	6901
10	5894	24	5894
10	3030	23	3030
9	3469	17	3469
14	8691	19	8691
10	1476	17	1476
14	9435	18	9435
13	5860	14	5860
14	8574	15	8574
11	1506	14	1506
12	4150	16	4150
13	5077	17	5077
14	8548	20	8548
14	8156	25	8156
11	2167	12	2167
13	8809	18	8809
11	692	10	692
13	6961	19	6961
10	5413	17	5413
13	7736	22	7736
5	12	4	12
14	9050	18	9050
13	3036	14	3036
13	3955	13	3955
12	4965	13	4965
13	769	10	769
12	3513	18	3513
12	7204	15	7204
13	7346	19	7346
12	3340	13	3340
9	456	16	456
13	9592	14	9592
13	2722	20	2722
11	3924	19	3924
14	4634	19	4634
12	549	16	549
14	9710	18	9710
4	493	15	493
13	5474	24	5474
12	7568	22	7568
11	995	14	995
11	550	11	550
13	6115	19	6115
14	9150	18	9150
14	9069	25	9069
13	4923	15	4923
13	6240	14	6240
15	9760	16	9760
15	8236	21	8236
14	8004	15	8004
14	3847	18	3847
13	8247	17	8247
11	3406	14	3406
12	3234	16	3234
13	2201	14	2201
12	4722	17	4722
11	4002	14	4002
10	2065	15	2065
12	1925	17	1925
14	7700	14	7700
10	1757	14	1757
13	8732	18	8732
13	7291	13	7291
11	4478	26	4478
14	9008	20	9008
11	8276	14	8276
12	1378	19	1378
12	8717	17	8717
13	8769	13	8769
13	6851	20	6851
14	2636	19	2636
14	9763	23	9763
11	3752	19	3752
14	8751	25	8751
12	8912	18	8912
11	2820	16	2820
7	25	5	25
13	5151	17	5151
14	2580	16	2580
14	8260	16	8260
14	9507	17	9507
13	2778	16	2778
11	2858	17	2858
13	2912	12	2912
14	6012	15	6012
12	1410	17	1410
13	7633	20	7633
14	6365	23	6365
14	3475	19	3475
15	5910	18	5910
12	4064	20	4064
10	5231	15	5231
11	4641	15	4641
14	7706	13	7706
13	6060	19	6060
14	3648	17	3648
13	5982	17	5982
15	7437	18	7437
13	4750	21	4750
11	639	12	639
10	1352	15	1352
10	864	22	864
13	4390	16	4390
14	6454	19	6454
13	9775	16	9775
13	7210	15	7210
14	2831	17	2831
13	1277	17	1277
13	6141	15	6141
13	1090	12	1090
14	783	15	783
12	5270	10	5270
14	3948	22	3948
12	46	7	46
14	1281	17	1281
13	5357	13	5357
13	4031	22	4031
13	7646	17	7646
12	5183	16	5183
15	9940	14	9940
13	8061	26	8061
9	413	17	413
9	932	18	932
13	2119	15	2119
14	6472	14	6472
12	8100	23	8100
9	260	12	260
12	6000	14	6000
13	9201	13	9201
13	898	18	898
12	3703	22	3703
10	64	7	64
13	5288	13	5288
8	157	8	157
15	9838	14	9838
11	8849	20	8849
13	2987	22	2987
14	7466	17	7466
10	1341	16	1341
11	428	14	428
12	4601	16	4601
13	6610	18	6610
15	4375	27	4375
11	4646	17	4646
11	4243	13	4243
13	6084	16	6084
13	8676	20	8676
14	8240	17	8240
13	1266	12	1266
12	4967	11	4967
13	6300	15	6300
11	1679	17	1679
13	2251	23	2251
14	8418	22	8418
10	4502	12	4502
13	3182	19	3182
13	2869	14	2869
12	4762	21	4762
12	9181	26	9181
15	2069	16	2069
12	5659	18	5659
9	2883	20	2883
14	2132	12	2132
13	7298	23	7298
14	9391	28	9391
13	8321	18	8321
10	2498	16	2498
14	8729	18	8729
12	2139	15	2139
13	3838	19	3838
14	9157	19	9157
12	6739	16	6739
14	6800	21	6800
14	9883	14	9883
11	1384	14	1384
14	1042	15	1042
14	6412	22	6412
11	5633	20	5633
14	7232	17	7232
12	8284	19	8284
14	5262	17	5262
15	9980	20	9980
13	3054	16	3054
13	3161	24	3161
11	5922	22	5922
10	876	18	876
14	8693	24	8693
14	4343	13	4343
11	2887	16	2887
12	7928	15	7928
13	6474	16	6474
11	6536	17	6536
13	7318	17	7318
10	1147	16	1147
13	9034	24	9034
13	6047	13	6047
14	3285	13	3285
13	9223	13	9223
11	1555	12	1555
7	23	7	23
11	2374	13	2374
13	1437	16	1437
14	7758	16	7758
14	9767	17	9767
13	7403	21	7403
10	521	15	521
14	5399	16	5399
13	986	11	986
11	1899	16	1899
12	3683	14	3683
14	2599	14	2599
12	1878	17	1878
13	6736	11	6736
13	8713	22	8713
11	1391	20	1391
14	9009	13	9009
11	5941	17	5941
11	6435	11	6435
13	3351	11	3351
13	5179	15	5179
14	4362	17	4362
12	6177	17	6177
12	1714	16	1714
14	8032	16	8032
14	7323	23	7323
7	430	13	430
13	6959	20	6959
13	2674	15	2674
13	1984	14	1984
14	3333	16	3333
13	5047	16	5047
9	3420	14	3420
11	7442	13	7442
12	1166	12	1166
12	7174	15	7174
13	7963	17	7963
14	6564	16	6564
12	8159	9	8159
13	6213	23	6213
12	246	8	246
14	7109	14	7109
10	4442	14	4442
13	5822	18	5822
14	5832	19	5832
12	2342	16	2342
12	8114	23	8114
13	2267	15	2267
14	5692	17	5692
13	3292	14	3292
12	2980	16	2980
14	8220	20	8220
12	1357	12	1357
12	1011	11	1011
9	1894	17	1894
12	4808	19	4808
14	1440	10	1440
13	8852	24	8852
13	3833	10	3833
12	3423	25	3423
13	8536	19	8536
14	6843	23	6843
12	5978	19	5978
12	6396	17	6396
11	4016	12	4016
12	3940	21	3940
14	2960	20	2960
13	8527	16	8527
13	9557	24	9557
14	5635	19	5635
13	4593	17	4593
13	2890	21	2890
15	7808	16	7808
8	425	16	425
11	1583	16	1583
14	5921	16	5921
13	9043	21	9043
12	3626	13	3626
14	9212	17	9212
14	2022	11	2022
11	1846	12	1846
13	6921	11	6921
14	3033	12	3033
14	3739	22	3739
11	1728	21	1728
12	824	12	824
13	8943	11	8943
10	5560	21	5560
13	4247	15	4247
13	7478	21	7478
12	790	12	790
12	7441	18	7441
13	3455	22	3455
13	7186	17	7186
13	3746	17	3746
14	6497	24	6497
14	6334	19	6334
11	3897	18	3897
14	6053	17	6053
15	8490	17	8490
13	5294	24	5294
13	6128	14	6128
14	5266	24	5266
13	6876	17	6876
13	2049	9	2049
12	660	19	660
13	6854	16	6854
14	7612	24	7612
14	9033	17	9033
11	5051	15	5051
12	4532	10	4532
15	8417	17	8417
13	8789	18	8789
12	2611	19	2611
14	9241	19	9241
12	4083	18	4083
12	4522	12	4522
13	3487	16	3487
12	1561	10	1561
9	1664	11	1664
14	7279	16	7279
13	1367	14	1367
12	5201	9	5201
14	5086	11	5086
14	5113	16	5113
12	1697	15	1697
12	1420	15	1420
11	5361	19	5361
13	4101	18	4101
14	9740	17	9740
10	3850	15	3850
13	9395	13	9395
13	2219	14	2219
13	5467	17	5467
13	2622	11	2622
13	4267	21	4267
12	6126	15	6126
14	5827	16	5827
14	8231	23	8231
14	5159	26	5159
10	877	10	877
14	9114	18	9114
14	9927	20	9927
15	6018	18	6018
10	1725	14	1725
13	9167	14	9167
9	100	11	100
12	2598	10	2598
13	2653	13	2653
14	8012	18	8012
14	4261	21	4261
15	9931	21	9931
14	5731	22	5731
13	5813	17	5813
9	1369	8	1369
14	7195	20	7195
14	7509	19	7509
15	9140	21	9140
11	2555	14	2555
13	7962	25	7962
13	2757	15	2757
12	3708	15	3708
14	7449	16	7449
13	8223	17	8223
14	6329	18	6329
12	8068	16	8068
12	701	11	701
12	2156	11	2156
13	6298	18	6298
12	2211	18	2211
14	9384	13	9384
11	5411	18	5411
12	2137	17	2137
13	5401	20	5401
11	1304	18	1304
9	1853	13	1853
14	6085	12	6085
8	308	13	308
12	6216	15	6216
12	345	7	345
12	6591	17	6591
12	1946	14	1946
14	2510	22	2510
12	7959	18	7959
15	6370	16	6370
12	7098	20	7098
13	8047	15	8047
14	4331	18	4331
15	8680	24	8680
10	803	9	803
12	8038	20	8038
14	5377	22	5377
9	719	13	719
11	4195	12	4195
13	6077	9	6077
14	9226	14	9226
13	492	19	492
13	4639	19	4639
13	8609	18	8609
14	2255	16	2255
11	6776	16	6776
12	362	7	362
12	5741	15	5741
11	4431	18	4431
10	2214	11	2214
13	1825	13	1825
14	8429	18	8429
14	8522	16	8522
12	4032	20	4032
14	6727	14	6727
13	1031	11	1031
12	8342	20	8342
12	2218	11	2218
13	7400	12	7400
14	1791	13	1791
10	264	12	264
13	8083	20	8083
12	470	11	470
14	7418	16	7418
13	6120	13	6120
13	6598	17	6598
12	2795	21	2795
14	6838	17	6838
12	792	9	792
13	5223	16	5223
13	6063	13	6063
14	7636	20	7636
14	9862	23	9862
13	1024	12	1024
13	9890	20	9890
15	2989	16	2989
8	1385	18	1385
12	5630	15	5630
13	3771	13	3771
14	9950	20	9950
10	3807	21	3807
11	4860	8	4860
13	4730	24	4730
14	2328	16	2328
12	8892	16	8892
12	1456	15	1456
13	7233	20	7233
10	26	5	26
14	9024	22	9024
14	6641	17	6641
14	5191	18	5191
11	5845	20	5845
13	4059	12	4059
12	7663	24	7663
13	2442	17	2442
13	3205	16	3205
11	852	8	852
14	9586	24	9586
14	8427	26	8427
11	3267	13	3267
12	3573	24	3573
14	8288	16	8288
14	4290	24	4290
11	3462	21	3462
12	1276	19	1276
13	5674	23	5674
12	5443	26	5443
12	5046	15	5046
13	1975	12	1975
14	5601	20	5601
14	6258	17	6258
12	6704	15	6704
11	1501	16	1501
14	4512	15	4512
14	3989	12	3989
13	8733	25	8733
11	4537	19	4537
12	7450	16	7450
14	4108	12	4108
14	7529	16	7529
12	8992	21	8992
12	6305	23	6305
12	1587	17	1587
14	6654	18	6654
13	8746	21	8746
11	1143	12	1143
12	7506	17	7506
14	4683	20	4683
13	9570	26	9570
9	772	14	772
13	8255	16	8255
12	7857	14	7857
14	1413	19	1413
13	5485	10	5485
12	3438	12	3438
13	9863	22	9863
14	6882	17	6882
13	5412	23	5412
13	5463	16	5463
14	9491	17	9491
10	2115	14	2115
14	9743	22	9743
11	991	12	991
13	6626	17	6626
13	3731	21	3731
13	6076	16	6076
12	7514	19	7514
14	1180	14	1180
13	6535	23	6535
12	5043	11	5043
13	172	9	172
12	2839	14	2839
14	2981	13	2981
13	3177	12	3177
12	1585	13	1585
12	4124	16	4124
11	682	14	682
12	2619	12	2619
15	3693	12	3693
13	7805	17	7805
14	874	23	874
15	7901	25	7901
13	9217	16	9217
12	5293	14	5293
14	9737	16	9737
14	2654	18	2654
13	5155	17	5155
14	2971	15	2971
14	8065	13	8065
12	618	21	618
12	2461	20	2461
12	6532	23	6532
12	6712	16	6712
13	3452	16	3452
11	9509	13	9509
12	442	11	442
13	9527	20	9527
11	7023	10	7023
12	7974	14	7974
14	6061	25	6061
12	4497	19	4497
12	8900	20	8900
8	1397	17	1397
15	7673	18	7673
13	6836	15	6836
13	5520	17	5520
14	4707	16	4707
15	9454	17	9454
13	5564	15	5564
13	8863	15	8863
13	6679	11	6679
13	3465	14	3465
14	8080	16	8080
11	1972	8	1972
11	3201	17	3201
13	7085	20	7085
12	3478	21	3478
13	6171	16	6171
9	1502	18	1502
13	4095	20	4095
13	4984	18	4984
13	4385	19	4385
13	7158	25	7158
12	8435	12	8435
13	3893	14	3893
14	3952	21	3952
11	4313	14	4313
11	915	10	915
14	373	14	373
13	9331	19	9331
14	6421	14	6421
13	5624	18	5624
12	728	16	728
9	445	6	445
14	8811	21	8811
13	1503	10	1503
11	4617	14	4617
14	8163	21	8163
8	366	10	366
14	7647	16	7647
13	1627	11	1627
13	4797	12	4797
15	9618	16	9618
13	1179	18	1179
10	1881	14	1881
13	3096	13	3096
10	3702	20	3702
14	9734	26	9734
11	3542	23	3542
14	8685	18	8685
9	4118	12	4118
9	700	12	700
11	3471	19	3471
13	4363	17	4363
11	4651	12	4651
13	7783	16	7783
13	5277	22	5277
10	2927	17	2927
12	4507	19	4507
13	960	13	960
13	5699	19	5699
8	131	11	131
8	1687	19	1687
12	6143	12	6143
14	4285	26	4285
12	9909	15	9909
14	8799	17	8799
15	7556	20	7556
14	9159	22	9159
13	3525	14	3525
14	7956	24	7956
13	7391	15	7391
12	2972	9	2972
14	8009	13	8009
13	3477	22	3477
14	6514	14	6514
10	3045	16	3045
14	7594	16	7594
12	3565	14	3565
12	6515	18	6515
14	8308	17	8308
12	4567	15	4567
12	4297	14	4297
14	9937	16	9937
12	3845	18	3845
14	8803	16	8803
12	896	9	896
14	9543	25	9543
10	5285	15	5285
14	8934	17	8934
12	2037	12	2037
7	578	16	578
11	6034	19	6034
13	8369	14	8369
12	396	8	396
10	745	9	745
14	5145	18	5145
14	5906	25	5906
11	4270	18	4270
10	3100	13	3100
12	3297	18	3297
15	7241	25	7241
13	7460	10	7460
12	6773	16	6773
8	106	8	106
11	504	15	504
8	718	11	718
9	22	5	22
11	7018	13	7018
14	9026	22	9026
13	940	9	940
14	7666	22	7666
15	8962	18	8962
14	4784	26	4784
11	2821	17	2821
13	6209	22	6209
9	678	13	678
14	8105	16	8105
14	5142	15	5142
15	9067	15	9067
13	5034	22	5034
15	4711	20	4711
12	5100	20	5100
14	8224	26	8224
15	9431	18	9431
12	1848	14	1848
14	8968	27	8968
11	4576	12	4576
13	7753	17	7753
11	3237	26	3237
12	4027	11	4027
12	7401	14	7401
14	6830	15	6830
13	1487	13	1487
13	4173	16	4173
13	3287	22	3287
13	1990	20	1990
13	1243	13	1243
14	9661	27	9661
13	5360	22	5360
8	268	9	268
7	600	9	600
13	9377	15	9377
14	5581	24	5581
14	1736	12	1736
14	2197	18	2197
12	1789	10	1789
13	2413	18	2413
12	3282	19	3282
11	1479	9	1479
11	8039	14	8039
14	7992	19	7992
13	2931	17	2931
11	6262	21	6262
14	7423	11	7423
14	1130	17	1130
14	5230	12	5230
14	8350	14	8350
13	8882	17	8882
12	4818	20	4818
12	2376	21	2376
13	2635	17	2635
13	7999	25	7999
12	3862	11	3862
13	6807	20	6807
15	7638	22	7638
13	2204	23	2204
11	4401	11	4401
12	3915	17	3915
13	4668	19	4668
11	4249	17	4249
13	3291	16	3291
13	6600	13	6600
14	5984	17	5984
11	1840	14	1840
13	4740	20	4740
14	4749	11	4749
14	4845	22	4845
14	8021	27	8021
13	2579	15	2579
13	2365	19	2365
11	1861	21	1861
14	5497	23	5497
13	6139	19	6139
12	2990	14	2990
13	7078	20	7078
15	4488	18	4488
14	1872	17	1872
11	1895	15	1895
12	3215	11	3215
13	4506	11	4506
12	6246	19	6246
15	7077	19	7077
12	7664	12	7664
10	3883	15	3883
12	5632	17	5632
13	7532	20	7532
12	5898	18	5898
12	3084	22	3084
12	1780	16	1780
14	9188	18	9188
14	6036	14	6036
14	4116	24	4116
15	7379	21	7379
10	775	16	775
13	5216	11	5216
14	2223	17	2223
14	8796	23	8796
12	4146	20	4146
11	1458	14	1458
12	7512	21	7512
12	6007	13	6007
12	6954	9	6954
13	3650	15	3650
14	8996	18	8996
12	4489	18	4489
15	7219	25	7219
13	2277	16	2277
11	7703	20	7703
12	8076	20	8076
11	4779	8	4779
13	5740	16	5740
12	8756	12	8756
14	6762	14	6762
12	4156	11	4156
13	6287	15	6287
11	2659	18	2659
14	3591	9	3591
11	4419	16	4419
12	8199	12	8199
14	9626	22	9626
11	4886	22	4886
9	1929	11	1929
14	6753	10	6753
5	101	11	101
14	4152	18	4152
13	1900	18	1900
11	4246	18	4246
14	5609	19	5609
15	9411	17	9411
14	6604	18	6604
11	2562	19	2562
10	3060	10	3060
14	5600	13	5600
14	2944	13	2944
12	7548	21	7548
13	2818	12	2818
13	5220	19	5220
13	5250	13	5250
11	894	19	894
10	3742	12	3742
12	6381	25	6381
12	2985	15	2985
12	2497	16	2497
14	9494	18	9494
11	7140	14	7140
10	5136	18	5136
13	8505	17	8505
12	7082	21	7082
15	9554	23	9554
14	3055	24	3055
12	4439	18	4439
14	4983	11	4983
16	9812	19	9812
11	891	15	891
12	9134	15	9134
11	1711	10	1711
12	1488	12	1488
13	1094	13	1094
10	1121	11	1121
13	8092	17	8092
15	3655	16	3655
8	532	14	532
6	43	6	43
12	2950	17	2950
14	2860	19	2860
13	8170	16	8170
14	6032	15	6032
7	105	7	105
12	1911	14	1911
12	8764	20	8764
12	3089	16	3089
13	759	13	759
14	4610	17	4610
13	6580	21	6580
12	2246	15	2246
12	3114	18	3114
12	3662	15	3662
13	1799	15	1799
11	6168	18	6168
12	6721	11	6721
10	2589	12	2589
13	1150	14	1150
11	2884	17	2884
14	9831	19	9831
13	6636	15	6636
13	4594	19	4594
14	7671	17	7671
13	7729	18	7729
13	2066	14	2066
14	2114	13	2114
14	8949	19	8949
9	685	10	685
15	9731	15	9731
13	8854	20	8854
12	5762	24	5762
12	1472	19	1472
13	7116	19	7116
13	878	13	878
14	4560	16	4560
13	4227	19	4227
13	5487	21	5487
11	7492	23	7492
13	4952	16	4952
11	7505	16	7505
13	4623	16	4623
14	1119	24	1119
10	577	19	577
13	3563	16	3563
14	8620	16	8620
12	3460	24	3460
14	9746	16	9746
12	5255	18	5255
14	4405	28	4405
14	7416	20	7416
14	9336	15	9336
13	6470	19	6470
13	5881	21	5881
14	7071	19	7071
11	1770	17	1770
13	8036	18	8036
13	4107	18	4107
11	1500	21	1500
14	9402	17	9402
13	9313	21	9313
11	3613	14	3613
13	873	12	873
12	6428	16	6428
12	842	15	842
13	1785	14	1785
14	7006	13	7006
13	6328	18	6328
11	5628	15	5628
14	9830	27	9830
12	7631	16	7631
12	3132	15	3132
12	4452	13	4452
12	5101	14	5101
13	4366	17	4366
14	3721	16	3721
13	7167	24	7167
11	4111	9	4111
13	5327	15	5327
13	7923	24	7923
13	7878	21	7878
12	744	14	744
13	3758	19	3758
15	8084	16	8084
12	2513	13	2513
12	8145	11	8145
13	2191	15	2191
10	364	17	364
10	3899	16	3899
10	3976	12	3976
13	1123	16	1123
11	4282	14	4282
13	1170	19	1170
13	2907	14	2907
13	1288	13	1288
11	3849	11	3849
12	7469	22	7469
10	1480	12	1480
13	8017	21	8017
13	1920	15	1920
11	1724	11	1724
12	2637	20	2637
10	300	14	300
13	5242	14	5242
10	1979	13	1979
13	9516	20	9516
13	7329	16	7329
13	2992	14	2992
10	259	18	259
13	7439	13	7439
